 10   KST   MAK    BFI    BBG    TWU    PFH     PALB  RSTMIN   WP_BFW  F_BFW  %Sonnenblumen
  0.   3.    1.    6.0    1.0    1.5    1.70     1.      1.     1.      1.    %BFI:A.Bronstert
  1.   5.    1.    0.0    0.0    0.0    0.0      0.2   200.     0.05    30.   %BFI:D.Ritz, Laimax:1993:6.2,1994:3.8
121.   5.    1.    0.0    0.0    0.0    0.0      0.2   200.     0.05    30.   %TWU,TEF:D.Ritz
130.   4.    1.    0.02   0.15   0.11   0.05     0.2   200.     0.05    30.   %PFH:D.Ritz
140.   3.    1.    0.03   0.2    0.22   0.12     0.2   200.     0.05    30.   %Saat:120.,Ernte:145.,(A.Bronstert)
150.   4.    1.    0.07   0.4    0.33   0.2      0.2   200.     0.05    30.   %
160.   5.    1.    0.13   0.55   0.44   0.4      0.2   200.     0.05    30.   %TM: effektive Durchwurzelungstiefe, die fuer die Berechnung der
170.   5.    1.    0.3    0.75   0.6    0.69     0.2   200.     0.05    30.   %    nutzbaren Feldkapazit„t des effektiven Wurzelraumes (Bereich
180.   5.    1.    0.5    0.9    0.77   0.95     0.2   200.     0.05    30.   %    zwischen GO und eff. Durchwurzelungstiefe) benutzt wird
190.   5.    1.    0.67   0.95   1.0    1.0      0.2   200.     0.05    30.
200.   5.    1.    0.83   1.0    1.0    1.0      0.2   200.     0.05    30.
210.   5.    1.    1.0    1.0    1.0    1.0      0.2   200.     0.05    30.
220.   5.    1.    1.0    1.0    1.0    1.0      0.2   200.     0.05    30.
230.   5.    1.    0.92   1.0    0.88   1.0      0.2   200.     0.05    30.
245.   5.    1.    0.67   1.0    0.77   1.0      0.2   200.     0.05    30.
246.   5.    1.    0.0    0.0    0.0    0.0      0.2   200.     0.05    30.
366.   5.    1.    0.0    0.0    0.0    0.0      0.2   200.     0.05    30.
