 10    KST    MAK    BFI    BBG    TWU    PFH   PALB  RSTMIN  WP_BFW  F_BFW    % Winterraps und Ruebsen
  0.    3.     1.    1.0    1.0    1.0    1.0    1.      1.    1.      1.      %
  1.    3.     1.    1.5    0.4    0.5    1.0    0.2   150.   0.03    40.      %
 50.    3.     1.    1.5    0.4    0.5    1.0    0.2   150.   0.03    40.      % TWU,TEF:G.Geisler
100.    2.     1.    4.0    0.8    1.0    1.5    0.2   150.   0.03    40.      %
150.    2.     1.    3.75   0.8    1.0    1.5    0.2   150.   0.03    40.      % Saat:260.,Ernte:560., (D.Ritz)
200.    2.     1.    3.5    0.8    1.0    1.5    0.2   150.   0.03    40.
201.    5.     1.    0.0    0.0    0.0    0.0    0.2   150.   0.03    40.
240.    5.     1.    0.0    0.0    0.0    0.0    0.2   150.   0.03    40.
290.    4.     1.    2.0    0.4    0.5    1.0    0.2   150.   0.03    40.
366.    3.     1.    1.5    0.4    0.5    1.0    0.2   150.   0.03    40.
