 10    KST    MAK    BFI    BBG    TWU    PFH     PALB  RSTMIN  WP_BFW  F_BFW
  1.    5.     1.     0.000  0.000  0.000  0.000   0.2   160.    0.05    30.
241.    5.     1.     0.000  0.000  0.000  0.000   0.2   160.    0.05    30.
260.    4.     1.     0.600  0.250  0.102  0.375   0.2   160.    0.05    30.
270.    3.     1.     1.200  0.500  0.198  0.750   0.2   160.    0.05    30.
280.    3.     1.    -1.720  0.750  0.300  1.125   0.2   160.    0.05    30.
290.    3.     1.     3.520  1.000  0.402  1.500   0.2   160.    0.05    30.
300.    3.     1.     4.000  1.000  0.450  1.500   -0.2  160.    0.05    30.
310.    3.     1.     2.800  1.000  0.498  1.500   0.2   160.    0.05    30.
320.    3.     1.     2.520  1.000  0.552  1.500   0.2   160.    0.05    30.
330.    3.     1.     2.520  1.000  0.600  1.500   0.2   160.    0.05    30.
331.    4.     1.     0.000  0.000  0.000  0.000   0.2   160.    0.05    30.
366.    5.     1.     0.000  0.000  0.000  0.000   0.2   160.    0.05    30.
