 10    KST    MAK     BFI    BBG    TWU    PFH    PALB  RSTMIN  WP_BFW  F_BFW   % Coniferous Forest
  0.    3.     1.    5.    0.95   5.0    5.0     0.15    1.    1.      1.       % BFI: S.Hohn
  1.    2.     1.     1.     1.0   1.0    1.0     1.0   250.    0.05    30.     % 
 75.    2.     1.     1.     1.0   1.0    1.0     1.0   250.    0.05    30.     % BBG: no seasonality
105.    2.     1.     1.     1.0   1.0    1.0     1.0   250.    0.05    30.     
135.    2.     1.     1.     1.0   1.0    1.0     1.0   250.    0.05    30.      
165.    2.     1.     1.     1.0   1.0    1.0     1.0   250.    0.05    30.      
195.    2.     1.     1.     1.0   1.0    1.0     1.0   250.    0.05    30.	 
225.    2.     1.     1.     1.0   1.0    1.0     1.0   250.    0.05    30.	 
255.    2.     1.     1.     1.0   1.0    1.0     1.0   250.    0.05    30.	 
285.    2.     1.     1.     1.0   1.0    1.0     1.0   250.    0.05    30.
315.    2.     1.     1.     1.0   1.0    1.0     1.0   250.    0.05    30.
366.    2.     1.     1.     1.0   1.0    1.0     1.0   250.    0.05    30.
